r =       6.00000
A =     113.09734
